-22
-63
78
-82
-99
-13
-29
-92
-96
44
-19
27
-63
-33
6
-83
44
-52
74
52
-46
-80
-71
-35
-24
84
-97
-25
-79
6
73
71
-89
-4
-44
12
-13
96
100
-49
-21
-35
-30
-62
-56
38
94
72
-23
-73
68
-67
-56
-23
30
-60
-3
-30
11
-31
6
89
-71
-30
-3
-86
-74
40
94
-16
83
-65
88
42
78
14
-63
-5
-37
-21
-41
-22
93
-4
65
49
15
-38
38
72
2
82
-6
3
66
82
22
-57
85
93
50
-9
100
-70
-71
43
39
-55
92
-57
-12
-83
1
43
62
97
-95
33
-76
-90
90
-68
63
44
-38
-82
-18
-27
-13
-97
74
70
87
-85
-87
85
5
-1
20
-70
47
62
-84
-2
62
-87
-49
-88
19
18
33
89
37
-32
41
-83
-47
10
93
49
13
77
-98
-77
-22
-47
-43
-86
-66
46
27
-93
-75
100
-23
-79
51
-30
17
47
20
87
27
-60
8
-8
22
91
58
-79
-65
-5
-4
51
94
40
-65
12
13
-99
-88
44
-87
-66
57
7
-92
-96
57
-85
7
-37
25
-80
6
38
-46
24
-3
-20
26
86
97
-99
50
-99
45
31
35
14
97
61
-19
16
17
13
-52
-37
31
91
-33
-36
84
77
34
30
-34
-35
-21
-3
-47
-35
31
84
-55
41
90
84
68
-5
-59
-74
100
-3
1
-49
77
42
90
15
63
55
29
-54
-89
45
28
53
-99
-44
-92
5
-59
-12
-88
-18
86
16
71
66
-78
-7
33
9
40
-32
-33
45
-17
-75
33
91
36
77
-97
28
-45
48
20
-17
-68
-15
59
-86
55
-44
-67
-72
75
-62
-66
81
-69
15
90
-17
-12
-19
-65
22
-46
-28
62
-100
10
44
-22
-5
-67
44
7
47
-99
89
-53
-65
-54
-18
45
81
-62
-9
-46
-10
18
-89
10
57
33
-27
21
-45
-2
-26
46
66
-18
-77
-74
-79
35
29
55
-31
41
44
-20
68
-77
-58
84
13
-38
79
-9
21
-88
-87
-29
34
-100
52
71
-95
68
24
-6
-13
-89
-12
20
63
18
-76
8
33
66
34
59
-8
-14
-44
-23
-46
-41
72
-3
-47
5
16
-1
-70
87
27
38
44
54
74
-76
28
35
-11
-71
1
79
-73
-28
70
31
-42
-39
0
-60
-31
-48
-11
-82
95
-49
65
-69
-59
8
58
-47
18
19
-39
56
-19
-59
2
-46
50
99
12
-99
96
-3
-4
-23
93
55
74
34
-61
-78
50
-81
-75
-80
2
-27
20
71
83
78
14
47
62
62
8
83
-90
-43
89
-50
42
-90
20
-13
64
39
-79
-10
-46
-4
25
-56
-13
-19
-34
93
-95
90
59
61
25
85
-40
-51
100
-59
-71
75
77
-56
-13
92
47
56
71
8
-81
-92
-48
-94
-89
-60
55
-87
19
65
-33
82
-36
-67
-86
-30
4
17
86
43
-86
73
1
-83
99
-83
46
93
36
86
-41
-66
-28
-3
-3
58
-66
67
-6
77
72
-46
-82
76
-41
-73
-68
-59
50
-4
28
-91
6
96
95
97
95
14
41
-74
-36
-34
35
97
26
-6
49
-100
87
9
-16
86
39
-37
-71
-44
-56
-30
94
100
-95
-99
96
-75
17
-18
61
-64
-50
-93
-52
-31
-52
92
78
-47
89
-74
90
-12
-32
32
-24
9
56
65
4
-91
-13
44
-49
94
32
1
-51
-92
14
78
-10
-89
92
-54
68
26
-95
-22
-4
3
-45
73
43
56
-20
94
83
20
13
-61
-79
2
-74
33
-70
-10
-47
-98
74
83
66
84
-21
-75
-62
38
73
29
-52
-22
34
-14
4
-42
-98
83
47
76
-61
-69
-80
-30
5
4
90
89
-83
-55
62
-7
67
21
66
-25
9
24
-45
-92
22
-87
-18
-1
79
29
-55
12
-60
27
-29
-19
-35
-12
76
24
-13
18
69
-63
-68
-40
59
-90
-100
-67
7
-59
47
94
-58
50
-76
-37
36
62
-58
-19
-15
-66
21
7
78
85
-1
34
-9
-16
69
-15
-27
72
71
26
-97
66
-77
-26
-1
68
26
42
68
-34
89
34
-60
-35
-98
-80
-61
-95
41
-85
46
92
42
-3
97
52
11
47
55
85
16
27
74
87
-87
-36
-38
97
85
-47
41
100
-65
-79
8
-87
-63
80
98
-47
4
-95
-34
25
-63
-22
-97
-27
85
81
-33
12
-86
-34
49
48
-51
16
-50
40
-6
-13
29
63
96
75
73
41
13
66
-81
42
-10
30
-23
-9
72
97
-33
-42
-67
-64
99
84
57
-90
25
67
-12
29
-44
89
-62
-62
-88
-69
-86
-1
43
-55
-42
-83
-11
48
19
-27
100
4
-36
6
-75
-53
6
58
-47
63
-82
18
61
-68
-50
4
-4
32
20
-5
90
-32
5
-81
-57
58
-39
71
50
-91
-15
94
-2
87
66
96
-66
-16
6
55
55
65
-99
2
-83
71
-15
-84
48
-83
-10
63
-33
-20
-58
-3
-58
-35
-56
57
-85
54
90
29
-16
-70
26
47
-62
-92
-45
46
-59
52
-79
40
41
43
27
25
-69
-39
-59
-16
49
-57
-79
1
31
48
-15
18
90
-4
73
-82
22
42
-72
-55
44
-69
41
18
-7